             precision    recall  f1-score   support

        1.0       0.97      0.97      0.97     21254
        2.0       0.98      0.97      0.97     28215
        3.0       0.97      0.96      0.96      3675
        4.0       0.77      0.92      0.84       232
        5.0       0.89      0.92      0.90       947
        6.0       0.93      0.95      0.94      1692
        7.0       0.98      0.98      0.98      2087

avg / total       0.97      0.97      0.97     58102

Use: 8.013914346694946s------------------------------------
             precision    recall  f1-score   support

        1.0       0.97      0.97      0.97     20853
        2.0       0.98      0.98      0.98     28608
        3.0       0.97      0.96      0.97      3693
        4.0       0.81      0.92      0.86       216
        5.0       0.90      0.93      0.91       934
        6.0       0.94      0.95      0.94      1722
        7.0       0.97      0.98      0.97      2076

avg / total       0.97      0.97      0.97     58102

Use: 8.171432256698608s------------------------------------
             precision    recall  f1-score   support

        1.0       0.97      0.97      0.97     21126
        2.0       0.98      0.97      0.98     28371
        3.0       0.97      0.97      0.97      3647
        4.0       0.83      0.91      0.87       258
        5.0       0.91      0.92      0.91       910
        6.0       0.94      0.94      0.94      1732
        7.0       0.98      0.97      0.98      2058

avg / total       0.97      0.97      0.97     58102

Use: 8.08132529258728s------------------------------------
             precision    recall  f1-score   support

        1.0       0.97      0.97      0.97     21064
        2.0       0.98      0.97      0.98     28575
        3.0       0.97      0.96      0.97      3587
        4.0       0.82      0.90      0.86       235
        5.0       0.92      0.92      0.92       942
        6.0       0.94      0.94      0.94      1690
        7.0       0.98      0.97      0.97      2009

avg / total       0.97      0.97      0.97     58102

Use: 8.289939403533936s------------------------------------
             precision    recall  f1-score   support

        1.0       0.97      0.97      0.97     21013
        2.0       0.98      0.98      0.98     28439
        3.0       0.97      0.96      0.96      3648
        4.0       0.79      0.93      0.85       237
        5.0       0.89      0.91      0.90       929
        6.0       0.94      0.94      0.94      1791
        7.0       0.97      0.97      0.97      2045

avg / total       0.97      0.97      0.97     58102

Use: 8.447602987289429s------------------------------------
             precision    recall  f1-score   support

        1.0       0.97      0.97      0.97     21248
        2.0       0.98      0.97      0.98     28291
        3.0       0.97      0.95      0.96      3655
        4.0       0.77      0.92      0.84       231
        5.0       0.90      0.93      0.92       849
        6.0       0.93      0.95      0.94      1734
        7.0       0.98      0.98      0.98      2094

avg / total       0.97      0.97      0.97     58102

Use: 8.689263582229614s------------------------------------
             precision    recall  f1-score   support

        1.0       0.97      0.97      0.97     21092
        2.0       0.98      0.97      0.98     28370
        3.0       0.97      0.96      0.96      3626
        4.0       0.77      0.93      0.84       246
        5.0       0.90      0.91      0.91       922
        6.0       0.94      0.95      0.94      1767
        7.0       0.97      0.97      0.97      2079

avg / total       0.97      0.97      0.97     58102

Use: 8.485224485397339s------------------------------------
             precision    recall  f1-score   support

        1.0       0.97      0.97      0.97     21186
        2.0       0.98      0.97      0.97     28370
        3.0       0.97      0.96      0.96      3557
        4.0       0.81      0.89      0.85       214
        5.0       0.90      0.93      0.91       974
        6.0       0.93      0.95      0.94      1704
        7.0       0.97      0.97      0.97      2097

avg / total       0.97      0.97      0.97     58102

Use: 8.085984468460083s------------------------------------
             precision    recall  f1-score   support

        1.0       0.97      0.97      0.97     21132
        2.0       0.98      0.97      0.97     28299
        3.0       0.98      0.96      0.97      3637
        4.0       0.81      0.92      0.86       247
        5.0       0.90      0.93      0.91       952
        6.0       0.94      0.95      0.94      1791
        7.0       0.97      0.98      0.98      2044

avg / total       0.97      0.97      0.97     58102

Use: 7.910268783569336s------------------------------------
             precision    recall  f1-score   support

        1.0       0.97      0.97      0.97     21059
        2.0       0.98      0.97      0.98     28512
        3.0       0.97      0.96      0.96      3689
        4.0       0.74      0.93      0.82       230
        5.0       0.89      0.92      0.90       902
        6.0       0.93      0.94      0.94      1730
        7.0       0.96      0.98      0.97      1980

avg / total       0.97      0.97      0.97     58102

Use: 7.939844608306885s------------------------------------
