             precision    recall  f1-score   support

        1.0       0.68      0.71      0.69     20291
        2.0       0.81      0.73      0.77     31488
        3.0       0.86      0.62      0.72      5034
        4.0       0.18      0.71      0.29        72
        5.0       0.00      0.00      0.00        10
        6.0       0.06      0.41      0.10       254
        7.0       0.37      0.81      0.51       953

avg / total       0.76      0.71      0.73     58102

Use: 169.70402479171753s------------------------------------
             precision    recall  f1-score   support

        1.0       0.68      0.70      0.69     20375
        2.0       0.80      0.74      0.77     31055
        3.0       0.85      0.63      0.72      4930
        4.0       0.16      0.75      0.26        52
        5.0       0.00      0.00      0.00         0
        6.0       0.05      0.30      0.09       301
        7.0       0.47      0.70      0.56      1389

avg / total       0.75      0.71      0.73     58102

Use: 175.28790712356567s------------------------------------
             precision    recall  f1-score   support

        1.0       0.68      0.71      0.69     20285
        2.0       0.80      0.73      0.77     31189
        3.0       0.85      0.61      0.71      5006
        4.0       0.25      0.61      0.35       114
        5.0       0.00      0.00      0.00         0
        6.0       0.08      0.42      0.14       331
        7.0       0.42      0.74      0.54      1177

avg / total       0.75      0.71      0.73     58102

Use: 176.7611427307129s------------------------------------
             precision    recall  f1-score   support

        1.0       0.67      0.70      0.68     20258
        2.0       0.81      0.73      0.76     31633
        3.0       0.85      0.61      0.71      4944
        4.0       0.25      0.57      0.35       113
        5.0       0.00      0.00      0.00         0
        6.0       0.06      0.40      0.11       271
        7.0       0.36      0.81      0.50       883

avg / total       0.75      0.71      0.72     58102

Use: 183.01705479621887s------------------------------------
             precision    recall  f1-score   support

        1.0       0.68      0.71      0.69     20213
        2.0       0.80      0.73      0.76     31050
        3.0       0.85      0.61      0.71      4976
        4.0       0.30      0.66      0.42       128
        5.0       0.00      0.00      0.00         0
        6.0       0.06      0.39      0.11       293
        7.0       0.49      0.70      0.58      1442

avg / total       0.75      0.71      0.73     58102

Use: 162.04901552200317s------------------------------------
             precision    recall  f1-score   support

        1.0       0.68      0.70      0.69     20553
        2.0       0.80      0.73      0.76     30923
        3.0       0.83      0.64      0.72      4667
        4.0       0.16      0.73      0.26        59
        5.0       0.01      0.29      0.01        17
        6.0       0.07      0.35      0.12       360
        7.0       0.50      0.69      0.58      1523

avg / total       0.75      0.71      0.73     58102

Use: 194.9134600162506s------------------------------------
             precision    recall  f1-score   support

        1.0       0.68      0.70      0.69     20556
        2.0       0.80      0.73      0.76     30969
        3.0       0.86      0.61      0.72      5054
        4.0       0.27      0.72      0.40       112
        5.0       0.00      0.00      0.00         0
        6.0       0.06      0.43      0.11       254
        7.0       0.40      0.71      0.51      1157

avg / total       0.75      0.71      0.72     58102

Use: 196.74893712997437s------------------------------------
             precision    recall  f1-score   support

        1.0       0.69      0.70      0.69     21003
        2.0       0.80      0.73      0.76     30631
        3.0       0.88      0.61      0.72      5114
        4.0       0.24      0.67      0.35        83
        5.0       0.00      0.20      0.00        10
        6.0       0.02      0.35      0.05       123
        7.0       0.38      0.70      0.49      1138

avg / total       0.75      0.71      0.73     58102

Use: 181.86757946014404s------------------------------------
             precision    recall  f1-score   support

        1.0       0.67      0.71      0.69     20179
        2.0       0.81      0.72      0.76     31377
        3.0       0.83      0.62      0.71      4770
        4.0       0.21      0.67      0.32        90
        5.0       0.00      0.00      0.00         0
        6.0       0.09      0.34      0.14       474
        7.0       0.46      0.78      0.58      1212

avg / total       0.75      0.71      0.72     58102

Use: 181.83975958824158s------------------------------------
             precision    recall  f1-score   support

        1.0       0.68      0.70      0.69     20425
        2.0       0.80      0.74      0.77     30852
        3.0       0.85      0.61      0.71      5019
        4.0       0.17      0.67      0.28        75
        5.0       0.01      0.22      0.01        27
        6.0       0.08      0.37      0.13       360
        7.0       0.48      0.72      0.58      1344

avg / total       0.75      0.71      0.73     58102

Use: 183.31265950202942s------------------------------------
