             precision    recall  f1-score   support

        1.0       0.95      0.94      0.95     21499
        2.0       0.96      0.95      0.95     28295
        3.0       0.95      0.92      0.93      3714
        4.0       0.77      0.94      0.85       228
        5.0       0.72      0.93      0.81       757
        6.0       0.85      0.92      0.89      1601
        7.0       0.94      0.98      0.96      2008

avg / total       0.95      0.94      0.94     58102

Use: 13.114139795303345s------------------------------------
             precision    recall  f1-score   support

        1.0       0.95      0.94      0.95     21010
        2.0       0.96      0.95      0.96     28728
        3.0       0.96      0.93      0.95      3801
        4.0       0.77      0.91      0.84       208
        5.0       0.75      0.92      0.83       778
        6.0       0.85      0.93      0.89      1592
        7.0       0.93      0.98      0.95      1985

avg / total       0.95      0.95      0.95     58102

Use: 13.03943419456482s------------------------------------
             precision    recall  f1-score   support

        1.0       0.95      0.94      0.94     21240
        2.0       0.96      0.95      0.95     28558
        3.0       0.95      0.93      0.94      3714
        4.0       0.85      0.88      0.87       269
        5.0       0.76      0.94      0.84       747
        6.0       0.86      0.92      0.89      1626
        7.0       0.93      0.97      0.95      1948

avg / total       0.95      0.95      0.95     58102

Use: 13.219331741333008s------------------------------------
             precision    recall  f1-score   support

        1.0       0.95      0.94      0.95     21283
        2.0       0.96      0.95      0.95     28666
        3.0       0.96      0.92      0.94      3694
        4.0       0.81      0.88      0.84       234
        5.0       0.75      0.93      0.83       753
        6.0       0.85      0.93      0.89      1541
        7.0       0.94      0.97      0.95      1931

avg / total       0.95      0.95      0.95     58102

Use: 13.811492919921875s------------------------------------
             precision    recall  f1-score   support

        1.0       0.94      0.94      0.94     21070
        2.0       0.96      0.95      0.95     28721
        3.0       0.95      0.93      0.94      3696
        4.0       0.79      0.91      0.85       243
        5.0       0.72      0.91      0.81       751
        6.0       0.86      0.93      0.89      1677
        7.0       0.93      0.98      0.95      1944

avg / total       0.94      0.94      0.94     58102

Use: 12.870037078857422s------------------------------------
             precision    recall  f1-score   support

        1.0       0.95      0.94      0.94     21401
        2.0       0.96      0.95      0.95     28373
        3.0       0.96      0.92      0.94      3748
        4.0       0.84      0.90      0.87       257
        5.0       0.74      0.93      0.83       709
        6.0       0.85      0.93      0.89      1597
        7.0       0.94      0.98      0.96      2017

avg / total       0.95      0.95      0.95     58102

Use: 13.448256015777588s------------------------------------
             precision    recall  f1-score   support

        1.0       0.95      0.94      0.95     21336
        2.0       0.96      0.95      0.95     28406
        3.0       0.95      0.92      0.94      3703
        4.0       0.83      0.91      0.87       274
        5.0       0.74      0.92      0.82       746
        6.0       0.86      0.93      0.89      1647
        7.0       0.93      0.97      0.95      1990

avg / total       0.95      0.95      0.95     58102

Use: 12.785443782806396s------------------------------------
             precision    recall  f1-score   support

        1.0       0.95      0.94      0.95     21396
        2.0       0.96      0.95      0.95     28411
        3.0       0.96      0.92      0.94      3652
        4.0       0.83      0.92      0.87       215
        5.0       0.73      0.94      0.82       783
        6.0       0.85      0.92      0.88      1615
        7.0       0.94      0.97      0.95      2030

avg / total       0.95      0.95      0.95     58102

Use: 12.194534063339233s------------------------------------
             precision    recall  f1-score   support

        1.0       0.95      0.94      0.95     21297
        2.0       0.96      0.95      0.95     28400
        3.0       0.96      0.92      0.94      3722
        4.0       0.86      0.90      0.88       269
        5.0       0.73      0.93      0.82       783
        6.0       0.85      0.94      0.89      1651
        7.0       0.94      0.98      0.96      1980

avg / total       0.95      0.95      0.95     58102

Use: 12.604271173477173s------------------------------------
             precision    recall  f1-score   support

        1.0       0.95      0.94      0.94     21236
        2.0       0.96      0.95      0.95     28638
        3.0       0.95      0.91      0.93      3762
        4.0       0.78      0.90      0.84       251
        5.0       0.71      0.94      0.81       708
        6.0       0.84      0.92      0.87      1593
        7.0       0.93      0.97      0.95      1914

avg / total       0.95      0.94      0.94     58102

Use: 12.766924858093262s------------------------------------
